132522061086721
132522038034441
132522033823751
132522031742982
132522019160073
132522012852233
132522002382851
132521996075016
132521985589254
132521975119879
132521962536963
132513060126725
132513034960899
132513024475143
132513011892226
132512957366278
132512936394758
132512898629637
132512865075209
132512852492292
132512844103688
132512842022913
132512781205504
132512762331137
132512760217601
132512732954630
132512716193797
132512716177416
132512705708033
132512703594497
132512691027970
132512680542214
132512678428675
132498847727624
132498843533318
132498841436164
132498839339010
132498835144705
132498833031177
132498830950408
132498828853256
132498826739717
132498822561795
132498820464643
132498818367491
132498818351105
132498816270338
132498807881734
132498805768198
132498801573891
132498799493124
132498799493123
132498799493122
132498793201672
132498793185290
132498791088134
132498784813062
132498782699522
132498780602371
132498778521601
132498776424448
132498776408072
132498772230152
132498770132999
132498761744386
132498761728004
132498759647235
132498759630852
132498759630851
132498757550080
132498753355785
132498753339400
132498751242248
132498742853635
132498740772866
132498736578562
132498730270728
132498726092805
132498721898500
132498715590664
132498711412745
132498709315590
132498705121284
132498700926979
132498700910594
132498694635528
132498694619145
132498692538375
132498688344070
132498682052610
132498682036225
132498675761160
132498658967554
132498656886786
132498654773256
132498650595334
132498650578950
132498642190337
132498635915273
132498635898887
132498629623813
132498621235202
132498612830214
132498591875079
132498581389314
132498573000712
132498558320642
132498547818498
132498541543428
132498533154825
132498526863364
132498520571905
132498514280456
132498510069763
132498501697539
132498497486854
132498493308935
132498487001090
132498484920323
132498478628865
132498472337414
132498472321029
132498470240261
132498461835265
132498459754498
132498451365893
132498451349511
132498449268742
132498449252356
132498442960899
132498440880129
132498436669448
132498434588680
132498430394373
132498430377991
132498430377989
132498426183683
132498426183682
132498424102914
132498422005762
132498417795080
132498417795079
132498413617160
132498413617158
132498411503620
132498405228550
132498403131394
132498403115010
132498403115008
132498401034242
132498401034241
132498401017866
132498401017864
132498398920713
132498396839945
132498396823559
132498394742793
132498394742792
132498394726406
132498392629253
132498390548487
132498390548486
132498390532101
132498386337796
132498386337793
132498384257026
132498384240641
132498382159874
132498382143498
132498382143497
132498380062720
132498377965578
132498375868423
132498375852039
132498373754885
132498371657733
132498369560579
132498367479813
132498367463426
132498365382662
132498365366272
132498363285509
132498361188354
132498361171978
132498361171976
132498359091202
132498359074823
132498356994050
132498356994048
132498356977670
132498354896907
132498352799751
132498352783365
132498350702598
132498350686211
132498350686210
132498348589058
132498346508292
132498344394762
132498342313988
132498342297609
132498342297608
132498340216834
132498338119681
132498336022536
132498333925385
132498333908996
132498331811845
132498329731079
132498327633926
132498321342465
132498319245313
132498317131782
132498315051016
132498308759557
132498306662404
132498304548865
132498300370945
132498298273792
132498296160261
132498294079497
132498285690885
132498277285895
132498270994435
132498266816515
132498262605835
132498256314375
132498247925763
132498239537161
132498235359242
132498231148549
132498220662792
132498218565639
132498216468488
132498214387720
132498212274181
132498210177029
132498210177027
132498208096259
132498205999106
132498197610503
132498197594120
132498195513352
132498193416197
132498193399815
132498191302660
132498187124739
132498187124738
132498187108354
132498180816905
132498178736138
132498176638983
132498176622598
132498174541830
132498172428293
132498170347525
132498170331140
132498168233988
132498166136834
132498161958912
132498157764615
132498155651079
132498153553924
132498151473158
132498149376003
132498147262467
132498145181700
132498143084544
132498143068170
132498138890249
132498136776709
132498134695943
132498126307331
132498111627268
132498111627267
132498109530114
132498099027977
132498088558594
132498086445059
132498080169990
132498071781379
132498069667843
132498065489928
132498052890629
132498046615560
132498042404873
132498023530497
132498010947587
132498008866817
132498000461832
132497985798153
132497964826635
132497943855111
132493458046977
132493430767619
132493420281863
132493414006791
132493413990405
132493403504650
132493401423875
132493388840966
132493384630282
132493365755913
132476682928132
132476668248071
132476647276550
132476632596490
132476626305029
132476605333511
132476603236356
132476594847754
132476498362371
132476494168075
132476485779463
132476477390853
132476473196553
132476460613633
132476452225033
132476443836419
132476427059203
132476416573451
132476194291717
132476139765767
132476135571459
132476125085703
132476122988555
132476120875015
132476114599942
132476112502787
132476106194952
132476102017035
132476095709187
132476093628422
132476093628417
132476091514889
132476083142661
132476070543370
132476051669003
132476034891784
132476024422404
132475995062284
132475976171528
132475967799305
132475963588614
132475957313538
132475944714244
132475925856261
132475919564801
132475703541763
132475684683781
132475672084488
132475663695876
132475653226508
132475638530059
132475632254985
132475613380619
132475598700554
132475573518340
132475569324038
132475556741126
132475548352514
132475537883143
132475535769610
132475533688837
132475531591688
132475523203080
132475514814471
132475508523012
132475508506632
132475500134409
132475479162887
132475468677125
132475468677123
132475462385674
132475460288518
132475284111363
132475277819904
132475269431301
132475258945537
132475246362630
132475235876875
132475206516742
132475202322435
132475196030984
132475189739525
132475183448065
132475181350912
132475175059463
132475170865157
132475156185095
132475151990790
132475143602183
132475141505037
132475135213578
132475124727809
132475122647043
132475095384072
132475089092612
132475089076231
132475086979078
132475082784771
132475074412550
132475074396169
132475070201862
132475068121093
132475055538188
132475045052420
132475032469508
132475030372355
132475028258822
132475024080898
132475021967361
132475015692298
132475011497987
132475003109387
132475003092994
132474998915083
132474996817927
132474996817925
132474986315780
132474982137867
132474980040711
132474977943558
132474975846404
132474956972038
132474956955658
132474948567049
132474938081288
132474929709058
132474929709056
132474923417606
132474912915464
132474908737536
132474885668874
132474870972420
132474866794507
132474862583813
132474845806595
132474829045771
132474824835078
132474822737922
132474801782791
132474799685639
132474791297028
132474791297025
132474782892037
132474774519814
132474770309129
132474759839747
132474757726215
132474751434754
132474745159680
132474740965383
132474730479621
132474730463233
132474726285316
132474726268937
132474722074631
132474707410949
132474694828040
132474688536580
132474684325896
132474669645824
132474652885002
132474640285701
132474610941955
132474126499842
132474099220486
132474090831874
132474071957509
132474067779587
132474040516613
132474034225154
132474015334404
132474000654341
132473998557190
132473996476420
132473990168577
132473958711301
132473956630538
132473950322697
132473937739781
132473931448321
132473925173253
132473923059718
132473910476811
132473904185349
132473897893891
132473889505290
132473858048007
132473853870082
132473788858375
132473744818184
132473736429572
132473732235267
132473723846665
132473721733125
132473627377669
132473623166980
132473618989059
132473616875520
132473612697606
132473608486917
132473602211842
132473595920391
132473585434626
132472041914375
132472010473473
132471991599105
132471981113350
132471943348234
132471941267456
132471909810181
132471903502337
132471899324425
132471884644355
132471863656448
132471821713411
132471804936199
132471783981063
132471775576066
132471763009537
132471748313091
132471708467204
132471689609221
132471687512076
132471681220613
132471677009923
132471672832003
132471664427017
132471662329863
132471649746950
132471641358339
132471622483974
132471618289671
132471612014597
132471588929546
132471574265864
132471570071561
132471553294347
132471546986506
132471536517121
132471532322828
132471521837063
132471517642758
132471511351302
132471509237769
132471502962692
132471496671232
132471473602569
132471461003272
132471435837445
132471429562377
132471408574469
132471400185867
132471383408648
132471184195590
132471175806978
132471131766786
132471085629444
132471022714884
132470982852618
132470970286087
132470938812424
132470924132352
132470903177219
132470898966538
132470888480774
132470878011393
132470867509252
132470865428486
132470848634889
132470842359812
132470842343430
132470815080455
132470794108930
132470779445250
132470777348097
132470764748807
132470739599362
132470729097219
132470724902921
132470720708614
132470708125708
132470706028554
132470682959877
132470217408512
132470175465477
132470167076867
132470129328137
132470120939526
132470116728838
132470102065159
132470076899334
132470034939910
132469984608257
132469521154059
132469504360459
132469489696773
132469479194630
132469441462282
132469428879362
132469414199301
132469414182913
132469401616391
132469391130627
132468963295240
132468946518025
132468866826248
132468858437634
132468856340480
132468837466117
132468822786056
132468812316677
132468795539465
132468793425931
132468782940167
132468772470791
132468747304965
132468743110659
132468736819204
132468734705674
132468717944834
132468709539848
132468699070467
132468669710343
132467317047306
132467317030917
132467287687175
132467264602116
132467254132738
132467218481156
132467195396102
132467178635268
132467170246665
132467157647366
132467134595073
132467132481541
132467117801479
132467073777669
132467069566978
132467052789763
132467004555266
132466975195142
132466945835011
132466905989125
132466415271939
132466404786187
132466356551682
132466341855237
132466329288712
132466314592257
132466285232136
132466270552065
132466234900484
132466209734658
132466079727621
132465997938690
132465972756487
132465955979272
132465935024130
132465935007750
132465918230535
132465886773250
132465872093188
132465838538752
132465609965574
132465605754888
132465603674117
132465599463429
132465580589062
132465576411144
132465570103297
132465542840329
132465540759556
132465526079495
132465523982341
132465511383043
132465492525065
132465492525063
132465490411525
132465475747853
132465456857092
132465452662790
132465412816899
132465387651080
132464456531968
132464439754755
132464414588938
132464370548739
132464353771521
132464332800001
132464330686474
132464311812104
132464240525317
132464236314631
132464215359493
132464206954504
132464204873734
132464194387968
132464188096518
132464179707906
132464175513603
132464146153478
132464144056325
132464123084804
132464104210440
132464091627531
132464066461703
132464064348164
132464043376644
132464037101569
132464022421512
132463942713345
132463892381699
132463875604485
132463191949315
132463177269256
132463173074948
132463160492041
132463141617672
132463120646152
132463103868928
132462986412035
132462967537668
132462915108868
132462657175559
132462652981258
132462535540742
132462315323394
132462300643334
132462288060417
132462275477510
132462256603146
132462214660107
132462199980032
132461612793859
132461608599553
132461581336578
132461568753667
132461524713474
132461482770442
132461432438788
132461424050188
132461415661574
132461350649864
132461308706825
132461195444230
132461163986945
132461149306883
132461140918281
132461130432516
132461084295175
132461080117253
132461069631490
132461065437194
132461059129353
132461048643592
132461038174211
132461029785608
132461027688456
132461017202691
132461015105537
132461000425477
132460998328323
132460994134018
132460927008775
132460920717315
132460914425856
132460910231562
132460903940101
132460885065736
132460882968583
132460868288519
132460859899907
132460465651720
132460461457416
132460450971656
132460446777353
132460438388741
132460421611525
132460289474565
132460270600200
132460247531526
132460234948616
132459494670338
132459492573187
132459490476042
132459484184583
132459477893127
132459463213063
132459412865033
132459410784262
132459406573574
132459400282116
132459396087810
132459393990664
132459381407751
132459375116296
132459370921992
132459368841228
132459362549766
132459360436227
132459358339072
132459352047627
132459349950473
132459343659014
132459343659010
132459335270410
132459333173257
132459328995335
132459322687494
132459316396041
132459295424521
132459276550152
132459259772932
132459240898564
132459219927041
132459201052678
132459192664076
132459188469768
132459175886857
132459169595401
132459157012489
132459146526726
132458754375683
132458748084238
132458741792778
132458706141188
132458645323779
132458529964041
132458521575431
132458483826697
132458464952326
132458454466573
132458219601930
132458167173125
132458162978821
132458139910146
132458100064258
132458053910532
132458051813383
132458049716235
132458045521932
132458041344009
132458035052550
132458026647558
132458024550406
132458020356099
132458009870350
132458005676038
132457986818057
132457986818056
132457982623752
132457974218760
132457957457928
132457955360776
132457951150086
132457949069315
132457942777866
132457942777864
132457936470026
132457934389253
132457934372871
132457926000644
132457923887106
132457917612039
132457913417731
132457911320578
132457902915587
132457900834823
132457892446213
132457888251906
132457877766149
132457877749770
132457875668996
132457871458311
132457858875402
132457858875401
132457856778249
132457852583943
132457850503168
132457848389635
132457842098180
132457835806728
132457751920644
132457743532033
132457726754821
132457718366217
132457703702539
132457701588994
132457697411076
132457695297546
132457693200390
132457661759493
132457506553859
132457493970952
132457489776645
132457479290881
132457456238595
132457452044291
132457420587014
132457405906951
132457401712645
132457397518338
132456879505409
132456866922502
132456860631044
132456852242440
132456850161670
132456829173769
132456816590850
132456810299398
132456799830026
132456778858500
132456736899086
132456707555328
132456701263882
132456694956040
132456682389512
132456674000899
132456644624389
132456638332929
132456632057860
132456629944327
132456002912263
132455988232199
132455984037895
132455981924359
132455977730051
132455973552130
132455967260681
132455967260679
132455960969221
132455958872067
132455954677765
132455952564233
132455944175620
132455942094853
132455929495559
132455916929027
132455904346121
132455904329734
132455902248963
132455898054659
132455889666056
132455883374598
132455881277445
132455879180290
132455879163912
132455874969614
132455872888842
132455872888840
132455868678149
132455864500229
132455858208770
132455843528707
132455841431553
132455837220872
132455835140108
132455833042950
132455828848645
132455822557185
132455812055047
132455809974278
132455803682819
132455795277834
132455791099910
132455784792067
132455780614152
132455774306311
132455765917699
132455761739786
132455759626250
132455751237638
132455747043334
132455744946183
132455740751882
132455736573957
132455728168961
132455723991049
132455719780362
132455707197442
132455690420225
132455665254409
132454612484098
132454608289801
132454601998341
132454578929668
132454549585924
132454545391619
132454532792329
132454530711559
132454528614403
132454522322952
132454516031495
132454513934340
132454507642883
132454499237891
132454497157127
132454495043593
132454488752134
132454486671369
132454484557828
132454480379909
132454480363521
132454476185605
132454467780615
132454467780613
132454461505542
132454444711939
132454440534020
132454438420489
132454379716614
132454335676423
132453966577666
132453956091911
132453941411853
132453941395461
132453937201154
132453914132491
132453905743876
132453897371655
132453893177347
132453882675202
132453387747330
132453381455879
132453366792197
132453364678665
132453358387206
132453350014980
132453341626377
132453341609996
132453333237765
132453331140611
132453329027075
132453326929932
132453316460549
132453314363402
132453310152705
132453310152704
132453299666948
132453295489032
132453289197569
132453284986886
132453144494088
132453138186253
132453136089095
132453134008325
132453129797636
132453127700483
132453119311880
132453115133953
132453104648203
132453098356740
132452980899848
132452959928324
132452953636872
132452932665353
132452909596677
132452905402371
132452899110913
132452897013772
132452892819463
132452886528006
132452871864321
132452859281412
132452857167879
132452846698504
132452823613445
132452819435525
132452815224837
132452802658313
132452802641932
132452792172545
132452586651653
132452578263042
132452574068736
132452574052355
132452567777288
132452567760905
132452565680136
132452561485829
132452559388679
132452557275140
132452555194369
132452551000072
132452548886537
132452536303622
132452517429250
132452513234948
132452509057033
132452506959879
132452504846344
132452490182661
132452458708993
132452456628231
132452448223237
132452441948161
132452441931780
132452439834626
132452435640330
132452420960258
132452408377351
132452400005128
132452104306692
132452087513093
132452079124484
132452070735882
132452064444420
132452062363654
132452051861514
132452039278594
132452037181442
132452035084296
132451844259850
132451837968387
132451831660552
132451827482633
132451823271939
132451806494728
132451804413960
132451800203267
132451798122504
132451783426051
132451733110789
132451724722183
132451716333569
132451703734273
132451686973447
132451678584834
132451676471306
132451670179849
132451666001927
132451663904773
132451307388935
132451303194631
132451301081100
132451294806022
132451282223109
132451265445896
132451265429504
132451257040901
132451248652293
132451244474376
132451185754115
132451177349124
132451173171208
132451166863371
132451164782596
132451158491147
132451143811075
132451137503236
132451135422475
132451129131013
132451129114632
132451127033859
132451122823175
132451120742411
132451106062343
132451103965185
132451097673736
132451087171589
132451078782978
132451068297222
132450860679175
132450852290567
132450850209801
132450845999111
132450843918343
132450835513348
132450829221898
132450808250377
132450806169606
132450801958918
132450770518024
132450762113028
132450749546506
132450743238664
132450736963586
132450728558599
132450724364294
132450718089218
132450701312003
132450692923400
132450407710727
132450397224963
132450388819976
132450384642052
132450365767685
132450363654149
132450353168391
132450342682625
132450332213258
132450330099719
132450317516808
132450315436040
132450309144582
132450309128198
132450304950274
132450300739592
132450296561671
132450294464519
132450286075910
132450286059526
132450279784461
132450277670920
132450269298693
132450267201540
132450260910090
132450258796555
132450248310786
132450246230018
132450246213637
132450242019337
132449872936964
132449862434824
132449849851908
132449841463303
132449812103170
132449807925251
132449801617420
132449789034504
132449784840208
132449755496454
132448404914178
132448369262595
132448360890371
132448354598912
132448348291074
132448344096778
132448331513862
132448314753029
132448312655872
132448291684365
132448287473667
132448283279361
132448243433474
132448237158405
132448165855233
132448161660937
132448151175172
132448140689414
132448105037833
132448088260610
132448029523975
132448010649608
132447970803719
132447958220805
132447886934027
132447880642566
132447878545414
132447865962505
132447855476741
132447832408068
132446911741964
132446907547655
132446899159042
132446888673289
132446878187521
132446869798919
132446846746630
132446817386497
132446781734915
132446760763398
132446662180871
132446651695107
132446643306504
132446634917894
132446630739975
132446628642822
132446624448517
132446603476999
132446595088397
132446586699783
132446555226115
132446544740358
132446532157444
132446502813698
132446496522247
132446488117257
132446462967811
132446458773512
132446450384900
132446450368514
132446389551108
132446383276042
132446379081735
132446374871046
132446370693124
132446366498816
132446353915909
132446343430152
132446343413774
132446339235848
132446337138695
132446330847236
132446326636552
132446322458636
132446318264328
132446311972869
132446301487113
132446290984963
132446259527688
132446232264707
132445892542477
132445888348169
132445879959558
132445863182340
132445840097286
132445829627913
132445825433609
132445821222919
132445814931460
132445789765636
132445655564296
132445640884228
132445632495622
132445619896328
132445615702019
132445609426953
132445601038341
132445590552580
132445586341894
132445575856131
132445391323143
132445374545923
132445359865860
132445359849474
132445353558022
132445351477248
132445349380107
132445347282951
132445345185802
132445343072257
132445340991493
132445326295046
132445324214278
132445317906444
132445315825667
132445311631360
132445299032078
132445282271241
132445275963401
132445269671939
132445189996554
132445173202946
132445160620040
132445156425731
132445137551365
132445133373450
132445127065610
132445120790533
132445120774155
132445114482692
132444923658245
132444921561088
132444915269640
132444906881029
132444883812355
132444869132294
132444862840842
132444843950089
132444837658631
132444804104200
132444676194315
132444676177926
132444672000006
132444667789320
132444636348424
132444630040585
132444619571213
132444600680455
132444571336710
132444558753801
132443294171143
132443279491078
132443269005314
132443264811019
132443254325254
132443245936650
132443241742344
132443235450885
132443235434501
132443208171525
132443151564812
132443138981890
132443124301829
132443109621770
132443103313930
132443086553096
132443084439561
132443082358789
132443080261635
132443067662345
132443059290120
132443042496519
132443036221448
132443034107907
132443027816448
132443015233543
132443004747783
132442998456328
132442992164867
132442971193346
132442721648641
132442715357192
132442706968583
132442702774273
132442696482827
132442690191363
132442681802753
132442673414152
132442667122691
132442662928384
132441639518213
132441631113220
132441622724616
132441618546691
132441610141699
132441597575170
132441597558793
132441584975875
132441574490119
132441559810050
132441538838528
132441530449928
132441528369160
132441522061314
132441517883400
132441511591941
132441511575558
132441505300486
132441503186948
132441501106178
132441490604038
132441488506885
132441478021128
132441465438212
132441450774536
132441450758151
132441431883783
132441425592321
132441402540038
132441396248578
132440658034697
132440645451784
132440641257478
132440639176707
132440634966020
132440622399491
132440616091654
132440605605898
132440599330819
132440586747909
132440351866885
132440335089674
132440328798214
132440324603906
132440307826691
132440301535246
132440288952323
132440286838785
132440280547337
132440263770120
132439882088458
132439867408391
132439863214089
132439861116938
132439856922633
132439854825475
132439850631172
132439829676041
132439812898823
132439806607366
132439561224200
132439552835590
132439500406792
132439477338120
132439389274119
132439385079812
132439372480523
132439347331077
132439343120387
132439334748168
132439317970950
132439317954562
132439309565958
132439296999433
132439236165638
132439234068490
132439229890561
132439225679873
132439223599111
132439215194119
132439215194118
132439211016197
132439208902659
132439208902658
132439198433287
132439194238979
132439190028290
132439177445381
132439173251077
132439166976010
132439162765319
132439156473860
132439085187077
132439074701320
132439074701319
132439068409860
132439018078217
132439015981064
132438995009547
132438982426626
132433125064709
132415727108099
132415659999239
132415628541956
132415597084677
132415565611011
132415540461574
132415513198593
132415508987912
132415483838470
132415399936007
132388384423936
-132388384423936
-132415399936007
-132415483838470
-132415508987912
-132415513198593
-132415540461574
-132415565611011
-132415597084677
-132415628541956
-132415659999239
-132415727108099
-132433125064709
-132438982426626
-132438995009547
-132439015981064
-132439018078217
-132439068409860
-132439074701319
-132439074701320
-132439085187077
-132439156473860
-132439162765319
-132439166976010
-132439173251077
-132439177445381
-132439190028290
-132439194238979
-132439198433287
-132439208902658
-132439208902659
-132439211016197
-132439215194118
-132439215194119
-132439223599111
-132439225679873
-132439229890561
-132439234068490
-132439236165638
-132439296999433
-132439309565958
-132439317954562
-132439317970950
-132439334748168
-132439343120387
-132439347331077
-132439372480523
-132439385079812
-132439389274119
-132439477338120
-132439500406792
-132439552835590
-132439561224200
-132439806607366
-132439812898823
-132439829676041
-132439850631172
-132439854825475
-132439856922633
-132439861116938
-132439863214089
-132439867408391
-132439882088458
-132440263770120
-132440280547337
-132440286838785
-132440288952323
-132440301535246
-132440307826691
-132440324603906
-132440328798214
-132440335089674
-132440351866885
-132440586747909
-132440599330819
-132440605605898
-132440616091654
-132440622399491
-132440634966020
-132440639176707
-132440641257478
-132440645451784
-132440658034697
-132441396248578
-132441402540038
-132441425592321
-132441431883783
-132441450758151
-132441450774536
-132441465438212
-132441478021128
-132441488506885
-132441490604038
-132441501106178
-132441503186948
-132441505300486
-132441511575558
-132441511591941
-132441517883400
-132441522061314
-132441528369160
-132441530449928
-132441538838528
-132441559810050
-132441574490119
-132441584975875
-132441597558793
-132441597575170
-132441610141699
-132441618546691
-132441622724616
-132441631113220
-132441639518213
-132442662928384
-132442667122691
-132442673414152
-132442681802753
-132442690191363
-132442696482827
-132442702774273
-132442706968583
-132442715357192
-132442721648641
-132442971193346
-132442992164867
-132442998456328
-132443004747783
-132443015233543
-132443027816448
-132443034107907
-132443036221448
-132443042496519
-132443059290120
-132443067662345
-132443080261635
-132443082358789
-132443084439561
-132443086553096
-132443103313930
-132443109621770
-132443124301829
-132443138981890
-132443151564812
-132443208171525
-132443235434501
-132443235450885
-132443241742344
-132443245936650
-132443254325254
-132443264811019
-132443269005314
-132443279491078
-132443294171143
-132444558753801
-132444571336710
-132444600680455
-132444619571213
-132444630040585
-132444636348424
-132444667789320
-132444672000006
-132444676177926
-132444676194315
-132444804104200
-132444837658631
-132444843950089
-132444862840842
-132444869132294
-132444883812355
-132444906881029
-132444915269640
-132444921561088
-132444923658245
-132445114482692
-132445120774155
-132445120790533
-132445127065610
-132445133373450
-132445137551365
-132445156425731
-132445160620040
-132445173202946
-132445189996554
-132445269671939
-132445275963401
-132445282271241
-132445299032078
-132445311631360
-132445315825667
-132445317906444
-132445324214278
-132445326295046
-132445340991493
-132445343072257
-132445345185802
-132445347282951
-132445349380107
-132445351477248
-132445353558022
-132445359849474
-132445359865860
-132445374545923
-132445391323143
-132445575856131
-132445586341894
-132445590552580
-132445601038341
-132445609426953
-132445615702019
-132445619896328
-132445632495622
-132445640884228
-132445655564296
-132445789765636
-132445814931460
-132445821222919
-132445825433609
-132445829627913
-132445840097286
-132445863182340
-132445879959558
-132445888348169
-132445892542477
-132446232264707
-132446259527688
-132446290984963
-132446301487113
-132446311972869
-132446318264328
-132446322458636
-132446326636552
-132446330847236
-132446337138695
-132446339235848
-132446343413774
-132446343430152
-132446353915909
-132446366498816
-132446370693124
-132446374871046
-132446379081735
-132446383276042
-132446389551108
-132446450368514
-132446450384900
-132446458773512
-132446462967811
-132446488117257
-132446496522247
-132446502813698
-132446532157444
-132446544740358
-132446555226115
-132446586699783
-132446595088397
-132446603476999
-132446624448517
-132446628642822
-132446630739975
-132446634917894
-132446643306504
-132446651695107
-132446662180871
-132446760763398
-132446781734915
-132446817386497
-132446846746630
-132446869798919
-132446878187521
-132446888673289
-132446899159042
-132446907547655
-132446911741964
-132447832408068
-132447855476741
-132447865962505
-132447878545414
-132447880642566
-132447886934027
-132447958220805
-132447970803719
-132448010649608
-132448029523975
-132448088260610
-132448105037833
-132448140689414
-132448151175172
-132448161660937
-132448165855233
-132448237158405
-132448243433474
-132448283279361
-132448287473667
-132448291684365
-132448312655872
-132448314753029
-132448331513862
-132448344096778
-132448348291074
-132448354598912
-132448360890371
-132448369262595
-132448404914178
-132449755496454
-132449784840208
-132449789034504
-132449801617420
-132449807925251
-132449812103170
-132449841463303
-132449849851908
-132449862434824
-132449872936964
-132450242019337
-132450246213637
-132450246230018
-132450248310786
-132450258796555
-132450260910090
-132450267201540
-132450269298693
-132450277670920
-132450279784461
-132450286059526
-132450286075910
-132450294464519
-132450296561671
-132450300739592
-132450304950274
-132450309128198
-132450309144582
-132450315436040
-132450317516808
-132450330099719
-132450332213258
-132450342682625
-132450353168391
-132450363654149
-132450365767685
-132450384642052
-132450388819976
-132450397224963
-132450407710727
-132450692923400
-132450701312003
-132450718089218
-132450724364294
-132450728558599
-132450736963586
-132450743238664
-132450749546506
-132450762113028
-132450770518024
-132450801958918
-132450806169606
-132450808250377
-132450829221898
-132450835513348
-132450843918343
-132450845999111
-132450850209801
-132450852290567
-132450860679175
-132451068297222
-132451078782978
-132451087171589
-132451097673736
-132451103965185
-132451106062343
-132451120742411
-132451122823175
-132451127033859
-132451129114632
-132451129131013
-132451135422475
-132451137503236
-132451143811075
-132451158491147
-132451164782596
-132451166863371
-132451173171208
-132451177349124
-132451185754115
-132451244474376
-132451248652293
-132451257040901
-132451265429504
-132451265445896
-132451282223109
-132451294806022
-132451301081100
-132451303194631
-132451307388935
-132451663904773
-132451666001927
-132451670179849
-132451676471306
-132451678584834
-132451686973447
-132451703734273
-132451716333569
-132451724722183
-132451733110789
-132451783426051
-132451798122504
-132451800203267
-132451804413960
-132451806494728
-132451823271939
-132451827482633
-132451831660552
-132451837968387
-132451844259850
-132452035084296
-132452037181442
-132452039278594
-132452051861514
-132452062363654
-132452064444420
-132452070735882
-132452079124484
-132452087513093
-132452104306692
-132452400005128
-132452408377351
-132452420960258
-132452435640330
-132452439834626
-132452441931780
-132452441948161
-132452448223237
-132452456628231
-132452458708993
-132452490182661
-132452504846344
-132452506959879
-132452509057033
-132452513234948
-132452517429250
-132452536303622
-132452548886537
-132452551000072
-132452555194369
-132452557275140
-132452559388679
-132452561485829
-132452565680136
-132452567760905
-132452567777288
-132452574052355
-132452574068736
-132452578263042
-132452586651653
-132452792172545
-132452802641932
-132452802658313
-132452815224837
-132452819435525
-132452823613445
-132452846698504
-132452857167879
-132452859281412
-132452871864321
-132452886528006
-132452892819463
-132452897013772
-132452899110913
-132452905402371
-132452909596677
-132452932665353
-132452953636872
-132452959928324
-132452980899848
-132453098356740
-132453104648203
-132453115133953
-132453119311880
-132453127700483
-132453129797636
-132453134008325
-132453136089095
-132453138186253
-132453144494088
-132453284986886
-132453289197569
-132453295489032
-132453299666948
-132453310152704
-132453310152705
-132453314363402
-132453316460549
-132453326929932
-132453329027075
-132453331140611
-132453333237765
-132453341609996
-132453341626377
-132453350014980
-132453358387206
-132453364678665
-132453366792197
-132453381455879
-132453387747330
-132453882675202
-132453893177347
-132453897371655
-132453905743876
-132453914132491
-132453937201154
-132453941395461
-132453941411853
-132453956091911
-132453966577666
-132454335676423
-132454379716614
-132454438420489
-132454440534020
-132454444711939
-132454461505542
-132454467780613
-132454467780615
-132454476185605
-132454480363521
-132454480379909
-132454484557828
-132454486671369
-132454488752134
-132454495043593
-132454497157127
-132454499237891
-132454507642883
-132454513934340
-132454516031495
-132454522322952
-132454528614403
-132454530711559
-132454532792329
-132454545391619
-132454549585924
-132454578929668
-132454601998341
-132454608289801
-132454612484098
-132455665254409
-132455690420225
-132455707197442
-132455719780362
-132455723991049
-132455728168961
-132455736573957
-132455740751882
-132455744946183
-132455747043334
-132455751237638
-132455759626250
-132455761739786
-132455765917699
-132455774306311
-132455780614152
-132455784792067
-132455791099910
-132455795277834
-132455803682819
-132455809974278
-132455812055047
-132455822557185
-132455828848645
-132455833042950
-132455835140108
-132455837220872
-132455841431553
-132455843528707
-132455858208770
-132455864500229
-132455868678149
-132455872888840
-132455872888842
-132455874969614
-132455879163912
-132455879180290
-132455881277445
-132455883374598
-132455889666056
-132455898054659
-132455902248963
-132455904329734
-132455904346121
-132455916929027
-132455929495559
-132455942094853
-132455944175620
-132455952564233
-132455954677765
-132455958872067
-132455960969221
-132455967260679
-132455967260681
-132455973552130
-132455977730051
-132455981924359
-132455984037895
-132455988232199
-132456002912263
-132456629944327
-132456632057860
-132456638332929
-132456644624389
-132456674000899
-132456682389512
-132456694956040
-132456701263882
-132456707555328
-132456736899086
-132456778858500
-132456799830026
-132456810299398
-132456816590850
-132456829173769
-132456850161670
-132456852242440
-132456860631044
-132456866922502
-132456879505409
-132457397518338
-132457401712645
-132457405906951
-132457420587014
-132457452044291
-132457456238595
-132457479290881
-132457489776645
-132457493970952
-132457506553859
-132457661759493
-132457693200390
-132457695297546
-132457697411076
-132457701588994
-132457703702539
-132457718366217
-132457726754821
-132457743532033
-132457751920644
-132457835806728
-132457842098180
-132457848389635
-132457850503168
-132457852583943
-132457856778249
-132457858875401
-132457858875402
-132457871458311
-132457875668996
-132457877749770
-132457877766149
-132457888251906
-132457892446213
-132457900834823
-132457902915587
-132457911320578
-132457913417731
-132457917612039
-132457923887106
-132457926000644
-132457934372871
-132457934389253
-132457936470026
-132457942777864
-132457942777866
-132457949069315
-132457951150086
-132457955360776
-132457957457928
-132457974218760
-132457982623752
-132457986818056
-132457986818057
-132458005676038
-132458009870350
-132458020356099
-132458024550406
-132458026647558
-132458035052550
-132458041344009
-132458045521932
-132458049716235
-132458051813383
-132458053910532
-132458100064258
-132458139910146
-132458162978821
-132458167173125
-132458219601930
-132458454466573
-132458464952326
-132458483826697
-132458521575431
-132458529964041
-132458645323779
-132458706141188
-132458741792778
-132458748084238
-132458754375683
-132459146526726
-132459157012489
-132459169595401
-132459175886857
-132459188469768
-132459192664076
-132459201052678
-132459219927041
-132459240898564
-132459259772932
-132459276550152
-132459295424521
-132459316396041
-132459322687494
-132459328995335
-132459333173257
-132459335270410
-132459343659010
-132459343659014
-132459349950473
-132459352047627
-132459358339072
-132459360436227
-132459362549766
-132459368841228
-132459370921992
-132459375116296
-132459381407751
-132459393990664
-132459396087810
-132459400282116
-132459406573574
-132459410784262
-132459412865033
-132459463213063
-132459477893127
-132459484184583
-132459490476042
-132459492573187
-132459494670338
-132460234948616
-132460247531526
-132460270600200
-132460289474565
-132460421611525
-132460438388741
-132460446777353
-132460450971656
-132460461457416
-132460465651720
-132460859899907
-132460868288519
-132460882968583
-132460885065736
-132460903940101
-132460910231562
-132460914425856
-132460920717315
-132460927008775
-132460994134018
-132460998328323
-132461000425477
-132461015105537
-132461017202691
-132461027688456
-132461029785608
-132461038174211
-132461048643592
-132461059129353
-132461065437194
-132461069631490
-132461080117253
-132461084295175
-132461130432516
-132461140918281
-132461149306883
-132461163986945
-132461195444230
-132461308706825
-132461350649864
-132461415661574
-132461424050188
-132461432438788
-132461482770442
-132461524713474
-132461568753667
-132461581336578
-132461608599553
-132461612793859
-132462199980032
-132462214660107
-132462256603146
-132462275477510
-132462288060417
-132462300643334
-132462315323394
-132462535540742
-132462652981258
-132462657175559
-132462915108868
-132462967537668
-132462986412035
-132463103868928
-132463120646152
-132463141617672
-132463160492041
-132463173074948
-132463177269256
-132463191949315
-132463875604485
-132463892381699
-132463942713345
-132464022421512
-132464037101569
-132464043376644
-132464064348164
-132464066461703
-132464091627531
-132464104210440
-132464123084804
-132464144056325
-132464146153478
-132464175513603
-132464179707906
-132464188096518
-132464194387968
-132464204873734
-132464206954504
-132464215359493
-132464236314631
-132464240525317
-132464311812104
-132464330686474
-132464332800001
-132464353771521
-132464370548739
-132464414588938
-132464439754755
-132464456531968
-132465387651080
-132465412816899
-132465452662790
-132465456857092
-132465475747853
-132465490411525
-132465492525063
-132465492525065
-132465511383043
-132465523982341
-132465526079495
-132465540759556
-132465542840329
-132465570103297
-132465576411144
-132465580589062
-132465599463429
-132465603674117
-132465605754888
-132465609965574
-132465838538752
-132465872093188
-132465886773250
-132465918230535
-132465935007750
-132465935024130
-132465955979272
-132465972756487
-132465997938690
-132466079727621
-132466209734658
-132466234900484
-132466270552065
-132466285232136
-132466314592257
-132466329288712
-132466341855237
-132466356551682
-132466404786187
-132466415271939
-132466905989125
-132466945835011
-132466975195142
-132467004555266
-132467052789763
-132467069566978
-132467073777669
-132467117801479
-132467132481541
-132467134595073
-132467157647366
-132467170246665
-132467178635268
-132467195396102
-132467218481156
-132467254132738
-132467264602116
-132467287687175
-132467317030917
-132467317047306
-132468669710343
-132468699070467
-132468709539848
-132468717944834
-132468734705674
-132468736819204
-132468743110659
-132468747304965
-132468772470791
-132468782940167
-132468793425931
-132468795539465
-132468812316677
-132468822786056
-132468837466117
-132468856340480
-132468858437634
-132468866826248
-132468946518025
-132468963295240
-132469391130627
-132469401616391
-132469414182913
-132469414199301
-132469428879362
-132469441462282
-132469479194630
-132469489696773
-132469504360459
-132469521154059
-132469984608257
-132470034939910
-132470076899334
-132470102065159
-132470116728838
-132470120939526
-132470129328137
-132470167076867
-132470175465477
-132470217408512
-132470682959877
-132470706028554
-132470708125708
-132470720708614
-132470724902921
-132470729097219
-132470739599362
-132470764748807
-132470777348097
-132470779445250
-132470794108930
-132470815080455
-132470842343430
-132470842359812
-132470848634889
-132470865428486
-132470867509252
-132470878011393
-132470888480774
-132470898966538
-132470903177219
-132470924132352
-132470938812424
-132470970286087
-132470982852618
-132471022714884
-132471085629444
-132471131766786
-132471175806978
-132471184195590
-132471383408648
-132471400185867
-132471408574469
-132471429562377
-132471435837445
-132471461003272
-132471473602569
-132471496671232
-132471502962692
-132471509237769
-132471511351302
-132471517642758
-132471521837063
-132471532322828
-132471536517121
-132471546986506
-132471553294347
-132471570071561
-132471574265864
-132471588929546
-132471612014597
-132471618289671
-132471622483974
-132471641358339
-132471649746950
-132471662329863
-132471664427017
-132471672832003
-132471677009923
-132471681220613
-132471687512076
-132471689609221
-132471708467204
-132471748313091
-132471763009537
-132471775576066
-132471783981063
-132471804936199
-132471821713411
-132471863656448
-132471884644355
-132471899324425
-132471903502337
-132471909810181
-132471941267456
-132471943348234
-132471981113350
-132471991599105
-132472010473473
-132472041914375
-132473585434626
-132473595920391
-132473602211842
-132473608486917
-132473612697606
-132473616875520
-132473618989059
-132473623166980
-132473627377669
-132473721733125
-132473723846665
-132473732235267
-132473736429572
-132473744818184
-132473788858375
-132473853870082
-132473858048007
-132473889505290
-132473897893891
-132473904185349
-132473910476811
-132473923059718
-132473925173253
-132473931448321
-132473937739781
-132473950322697
-132473956630538
-132473958711301
-132473990168577
-132473996476420
-132473998557190
-132474000654341
-132474015334404
-132474034225154
-132474040516613
-132474067779587
-132474071957509
-132474090831874
-132474099220486
-132474126499842
-132474610941955
-132474640285701
-132474652885002
-132474669645824
-132474684325896
-132474688536580
-132474694828040
-132474707410949
-132474722074631
-132474726268937
-132474726285316
-132474730463233
-132474730479621
-132474740965383
-132474745159680
-132474751434754
-132474757726215
-132474759839747
-132474770309129
-132474774519814
-132474782892037
-132474791297025
-132474791297028
-132474799685639
-132474801782791
-132474822737922
-132474824835078
-132474829045771
-132474845806595
-132474862583813
-132474866794507
-132474870972420
-132474885668874
-132474908737536
-132474912915464
-132474923417606
-132474929709056
-132474929709058
-132474938081288
-132474948567049
-132474956955658
-132474956972038
-132474975846404
-132474977943558
-132474980040711
-132474982137867
-132474986315780
-132474996817925
-132474996817927
-132474998915083
-132475003092994
-132475003109387
-132475011497987
-132475015692298
-132475021967361
-132475024080898
-132475028258822
-132475030372355
-132475032469508
-132475045052420
-132475055538188
-132475068121093
-132475070201862
-132475074396169
-132475074412550
-132475082784771
-132475086979078
-132475089076231
-132475089092612
-132475095384072
-132475122647043
-132475124727809
-132475135213578
-132475141505037
-132475143602183
-132475151990790
-132475156185095
-132475170865157
-132475175059463
-132475181350912
-132475183448065
-132475189739525
-132475196030984
-132475202322435
-132475206516742
-132475235876875
-132475246362630
-132475258945537
-132475269431301
-132475277819904
-132475284111363
-132475460288518
-132475462385674
-132475468677123
-132475468677125
-132475479162887
-132475500134409
-132475508506632
-132475508523012
-132475514814471
-132475523203080
-132475531591688
-132475533688837
-132475535769610
-132475537883143
-132475548352514
-132475556741126
-132475569324038
-132475573518340
-132475598700554
-132475613380619
-132475632254985
-132475638530059
-132475653226508
-132475663695876
-132475672084488
-132475684683781
-132475703541763
-132475919564801
-132475925856261
-132475944714244
-132475957313538
-132475963588614
-132475967799305
-132475976171528
-132475995062284
-132476024422404
-132476034891784
-132476051669003
-132476070543370
-132476083142661
-132476091514889
-132476093628417
-132476093628422
-132476095709187
-132476102017035
-132476106194952
-132476112502787
-132476114599942
-132476120875015
-132476122988555
-132476125085703
-132476135571459
-132476139765767
-132476194291717
-132476416573451
-132476427059203
-132476443836419
-132476452225033
-132476460613633
-132476473196553
-132476477390853
-132476485779463
-132476494168075
-132476498362371
-132476594847754
-132476603236356
-132476605333511
-132476626305029
-132476632596490
-132476647276550
-132476668248071
-132476682928132
-132493365755913
-132493384630282
-132493388840966
-132493401423875
-132493403504650
-132493413990405
-132493414006791
-132493420281863
-132493430767619
-132493458046977
-132497943855111
-132497964826635
-132497985798153
-132498000461832
-132498008866817
-132498010947587
-132498023530497
-132498042404873
-132498046615560
-132498052890629
-132498065489928
-132498069667843
-132498071781379
-132498080169990
-132498086445059
-132498088558594
-132498099027977
-132498109530114
-132498111627267
-132498111627268
-132498126307331
-132498134695943
-132498136776709
-132498138890249
-132498143068170
-132498143084544
-132498145181700
-132498147262467
-132498149376003
-132498151473158
-132498153553924
-132498155651079
-132498157764615
-132498161958912
-132498166136834
-132498168233988
-132498170331140
-132498170347525
-132498172428293
-132498174541830
-132498176622598
-132498176638983
-132498178736138
-132498180816905
-132498187108354
-132498187124738
-132498187124739
-132498191302660
-132498193399815
-132498193416197
-132498195513352
-132498197594120
-132498197610503
-132498205999106
-132498208096259
-132498210177027
-132498210177029
-132498212274181
-132498214387720
-132498216468488
-132498218565639
-132498220662792
-132498231148549
-132498235359242
-132498239537161
-132498247925763
-132498256314375
-132498262605835
-132498266816515
-132498270994435
-132498277285895
-132498285690885
-132498294079497
-132498296160261
-132498298273792
-132498300370945
-132498304548865
-132498306662404
-132498308759557
-132498315051016
-132498317131782
-132498319245313
-132498321342465
-132498327633926
-132498329731079
-132498331811845
-132498333908996
-132498333925385
-132498336022536
-132498338119681
-132498340216834
-132498342297608
-132498342297609
-132498342313988
-132498344394762
-132498346508292
-132498348589058
-132498350686210
-132498350686211
-132498350702598
-132498352783365
-132498352799751
-132498354896907
-132498356977670
-132498356994048
-132498356994050
-132498359074823
-132498359091202
-132498361171976
-132498361171978
-132498361188354
-132498363285509
-132498365366272
-132498365382662
-132498367463426
-132498367479813
-132498369560579
-132498371657733
-132498373754885
-132498375852039
-132498375868423
-132498377965578
-132498380062720
-132498382143497
-132498382143498
-132498382159874
-132498384240641
-132498384257026
-132498386337793
-132498386337796
-132498390532101
-132498390548486
-132498390548487
-132498392629253
-132498394726406
-132498394742792
-132498394742793
-132498396823559
-132498396839945
-132498398920713
-132498401017864
-132498401017866
-132498401034241
-132498401034242
-132498403115008
-132498403115010
-132498403131394
-132498405228550
-132498411503620
-132498413617158
-132498413617160
-132498417795079
-132498417795080
-132498422005762
-132498424102914
-132498426183682
-132498426183683
-132498430377989
-132498430377991
-132498430394373
-132498434588680
-132498436669448
-132498440880129
-132498442960899
-132498449252356
-132498449268742
-132498451349511
-132498451365893
-132498459754498
-132498461835265
-132498470240261
-132498472321029
-132498472337414
-132498478628865
-132498484920323
-132498487001090
-132498493308935
-132498497486854
-132498501697539
-132498510069763
-132498514280456
-132498520571905
-132498526863364
-132498533154825
-132498541543428
-132498547818498
-132498558320642
-132498573000712
-132498581389314
-132498591875079
-132498612830214
-132498621235202
-132498629623813
-132498635898887
-132498635915273
-132498642190337
-132498650578950
-132498650595334
-132498654773256
-132498656886786
-132498658967554
-132498675761160
-132498682036225
-132498682052610
-132498688344070
-132498692538375
-132498694619145
-132498694635528
-132498700910594
-132498700926979
-132498705121284
-132498709315590
-132498711412745
-132498715590664
-132498721898500
-132498726092805
-132498730270728
-132498736578562
-132498740772866
-132498742853635
-132498751242248
-132498753339400
-132498753355785
-132498757550080
-132498759630851
-132498759630852
-132498759647235
-132498761728004
-132498761744386
-132498770132999
-132498772230152
-132498776408072
-132498776424448
-132498778521601
-132498780602371
-132498782699522
-132498784813062
-132498791088134
-132498793185290
-132498793201672
-132498799493122
-132498799493123
-132498799493124
-132498801573891
-132498805768198
-132498807881734
-132498816270338
-132498818351105
-132498818367491
-132498820464643
-132498822561795
-132498826739717
-132498828853256
-132498830950408
-132498833031177
-132498835144705
-132498839339010
-132498841436164
-132498843533318
-132498847727624
-132512678428675
-132512680542214
-132512691027970
-132512703594497
-132512705708033
-132512716177416
-132512716193797
-132512732954630
-132512760217601
-132512762331137
-132512781205504
-132512842022913
-132512844103688
-132512852492292
-132512865075209
-132512898629637
-132512936394758
-132512957366278
-132513011892226
-132513024475143
-132513034960899
-132513060126725
-132521962536963
-132521975119879
-132521985589254
-132521996075016
-132522002382851
-132522012852233
-132522019160073
-132522031742982
-132522033823751
-132522038034441
-132522061086721
